%% define color scheme

% blue
blue = [0,84,159]/255;
blue75 = [64,127,183]/255;
blue50 = [142,186,229]/255;

% red
red = [204,7,30]/255;
red75 = [216,92,65]/255;
red50 = [230,150,121]/255;

% other colors
gray = [156,158,159]/255;
pink75 = [233,96,136]/255;
green75 = [141,192,96]/255;
yellow75 = [250,190,80]/255;
purple75 = [131,78,117]/255;

