%% Define Color Object
% ########################################################################
% Refer to the color template from RWTH Aachen University
% https://www9.rwth-aachen.de/global/show_document.asp?id=aaaaaaaaaadpbhq
% Establishment: 24.07.2021 Zhiqing Yang, PGS, RWTH Aachen
% ########################################################################

function Color = Def_Color()
%% Black
Color.black.p100 = [0,0,0]/255;
Color.black.p75 = [100,101,103]/255;
Color.black.p50 = [156,158,159]/255;
Color.black.p50 = [207,209,210]/255;
Color.black.p50 = [236,237,237]/255;

%% Blue
Color.blue.p100 = [0,84,159]/255;
Color.blue.p75 = [64,127,183]/255;
Color.blue.p50 = [142,186,229]/255;
Color.blue.p25 = [199,221,242]/255;
Color.blue.p10 = [232,242,250]/255;

%% Petrol 
Color.petrol.p100 = [0,97,101]/255;
Color.petrol.p75 = [45,127,131]/255;
Color.petrol.p50 = [125,164,167]/255;
Color.petrol.p25 = [191,208,209]/255;
Color.petrol.p10 = [230,236,236]/255;

%% Turquoise
Color.turquoise100 = [0,152,161]/255;
Color.turquoise75 = [0,177,183]/255;
Color.turquoise50 = [137,204,207]/255;
Color.turquoise25 = [137,204,207]/255;
Color.turquoise10 = [235,231,231]/255;

%% Green
Color.greeb100 = [87,171,39]/255;
Color.greeb75 = [141,192,96]/255;
Color.greeb50 = [184,241,152]/255;
Color.greeb25 = [221,235,206]/255;
Color.greeb10 = [242,247,236]/255;

%% Orange
Color.orange.p100 = [246,168,0]/255;
Color.orange.p75 = [250,190,80]/255;
Color.orange.p50 = [253,212,143]/255;
Color.orange.p25 = [254,234,201]/255;
Color.orange.p10 = [254,247,234]/255;

%% Red
Color.red.p100 = [204,7,30]/255;
Color.red.p75 = [216,92,65]/255;
Color.red.p50 = [230,150,121]/255;
Color.red.p25 = [243,205,187]/255;
Color.red.p10 = [250,235,227]/255;

%% Bordeaux
Color.bordeaux.p100 = [161,16,53]/255;
Color.bordeaux.p75 = [182,82,86]/255;
Color.bordeaux.p50 = [205,139,135]/255;
Color.bordeaux.p25 = [229,197,192]/255;
Color.bordeaux.p10 = [245,232,229]/255;

%% Violet
Color.violet.p100 = [97,33,88]/255;
Color.violett.p75 = [131,78,117]/255;
Color.violett.p50 = [168,133,158]/255;
Color.violett.p25 = [210,192,205]/255;
Color.violett.p10 = [237,229,234]/255;

%% Lila
Color.lila.p100 = [122,111,172]/255;
Color.lila.p75 = [155,145,193]/255;
Color.lila.p50 = [188,181,215]/255;
Color.lila.p25 = [222,218,235]/255;
Color.lila.p10 = [242,240,247]/255;

end